-12.5 -6 -17.5
-10 -6 -17.5
-7.5 -6 -17.5
-5 -6 -17.5
-2.5 -6 -17.5
0 -6 -17.5
2.5 -6 -17.5
5 -6 -17.5
7.5 -6 -17.5
10 -6 -17.5
12.5 -6 -17.5
15 -6 -17.5
17.5 -6 -17.5

-12.5 -6 -15
-10 -6 -15
-7.5 -6 -15
-5 -6 -15
-2.5 -6 -15
0 -6 -15
2.5 -6 -15
5 -6 -15
7.5 -6 -15
10 -6 -15
12.5 -6 -15
15 -6 -15
17.5 -6 -15

-12.5 -6 -12.5
-10 -6 -12.5
-7.5 -6 -12.5
-5 -6 -12.5
-2.5 -6 -12.5
0 -6 -12.5
2.5 -6 -12.5
5 -6 -12.5
7.5 -6 -12.5
10 -6 -12.5
12.5 -6 -12.5
15 -6 -12.5
17.5 -6 -12.5

-12.5 -6 -10
-10 -6 -10
-7.5 -6 -10
-5 -6 -10
-2.5 -6 -10
0 -6 -10
2.5 -6 -10
5 -6 -10
7.5 -6 -10
10 -6 -10
12.5 -6 -10
15 -6 -10
17.5 -6 -10

-12.5 -6 -7.5
-10 -6 -7.5
-7.5 -6 -7.5
-5 -6 -7.5
-2.5 -6 -7.5
0 -6 -7.5
2.5 -6 -7.5
5 -6 -7.5
7.5 -6 -7.5
10 -6 -7.5
12.5 -6 -7.5
15 -6 -7.5
17.5 -6 -7.5

-12.5 -6 -5.0
-10 -6 -5.0
-7.5 -6 -5.0
-5 -6 -5.0
-2.5 -6 -5.0
0 -6 -5.0
2.5 -6 -5.0
5 -6 -5.0
7.5 -6 -5.0
10 -6 -5.0
12.5 -6 -5
15 -6 -5
17.5 -6 -5

-12.5 -6 -2.5
-10 -6 -2.5
-7.5 -6 -2.5
-5 -6 -2.5
-2.5 -6 -2.5
0 -6 -2.5
2.5 -6 -2.5
5 -6 -2.5
7.5 -6 -2.5
10 -6 -2.5
12.5 -6 -2.5
15 -6 -2.5
17.5 -6 -2.5

-12.5 -6 0
-10 -6 0
-7.5 -6 0
-5 -6 0
-2.5 -6 0
0 -6 0
2.5 -6 0
5 -6 0
7.5 -6 0
10 -6 0
12.5 -6 0
15 -6 0
17.5 -6 0

-12.5 -6 2.5
-10 -6 2.5
-7.5 -6 2.5
-5 -6 2.5
-2.5 -6 2.5
0 -6 2.5
2.5 -6 2.5
5 -6 2.5
7.5 -6 2.5
10 -6 2.5
12.5 -6 2.5
15 -6 2.5
17.5 -6 2.5

-12.5 -6 5
-10 -6 5
-7.5 -6 5
-5 -6 5
-2.5 -6 5
0 -6 5
2.5 -6 5
5 -6 5
7.5 -6 5
10 -6 5
12.5 -6 5
15 -6 5
17.5 -6 5

-12.5 -6 7.5
-10 -6 7.5
-7.5 -6 7.5
-5 -6 7.5
-2.5 -6 7.5
0 -6 7.5
2.5 -6 7.5
5 -6 7.5
7.5 -6 7.5
10 -6 7.5
12.5 -6 7.5
15 -6 7.5
17.5 -6 7.5

-12.5 -6 10
-10 -6 10
-7.5 -6 10
-5 -6 10
-2.5 -6 10
0 -6 10
2.5 -6 10
5 -6 10
7.5 -6 10
10 -6 10
12.5 -6 10
15 -6 10
17.5 -6 10

-12.5 -6 12.5
-10 -6 12.5
-7.5 -6 12.5
-5 -6 12.5
-2.5 -6 12.5
0 -6 12.5
2.5 -6 12.5
5 -6 12.5
7.5 -6 12.5
10 -6 12.5
12.5 -6 12.5
15 -6 12.5
17.5 -6 12.5

-12.5 -6 15
-10 -6 15
-7.5 -6 15
-5 -6 15
-2.5 -6 15
0 -6 15
2.5 -6 15
5 -6 15
7.5 -6 15
10 -6 15
12.5 -6 15
15 -6 15
17.5 -6 15